Problem 4
##did this 11 times
> count = 10
> data <- cbind(rexp(20))
> print(data)
            [,1]
 [1,] 0.52965360
 [2,] 0.61197279
 [3,] 0.89910483
 [4,] 0.74302827
 [5,] 0.13560417
 [6,] 0.60258296
 [7,] 0.88536261
 [8,] 0.08395402
 [9,] 0.11825357
[10,] 0.49348942
[11,] 0.77758301
[12,] 0.58114374
[13,] 2.30071483
[14,] 1.14420218
[15,] 1.04982063
[16,] 0.30176602
[17,] 0.39455487
[18,] 0.06598446
[19,] 0.62791655
[20,] 0.28602976
> for (i in 1:count-1){
+     data <- cbind(data, rexp(20))
+ }
> print(data)
            [,1]       [,2]      [,3]      [,4]        [,5]        [,6]
 [1,] 0.52965360 0.07015891 0.1771679 1.8837462 0.013267603 0.085613407
 [2,] 0.61197279 0.42320689 0.6940576 0.5919568 0.538652766 2.943569958
 [3,] 0.89910483 1.84122263 1.4636531 1.2613531 0.871489302 0.004552066
 [4,] 0.74302827 0.39839649 1.7053503 1.1228874 0.179551089 0.411168701
 [5,] 0.13560417 2.45652621 2.5249766 0.2527964 4.173021246 0.326385437
 [6,] 0.60258296 0.11090563 0.9484560 0.2530480 0.659077940 2.483774060
 [7,] 0.88536261 0.61550779 0.1202116 1.3278606 1.294886354 0.927620710
 [8,] 0.08395402 0.97850033 3.1843315 0.6130232 0.183653459 1.286900151
 [9,] 0.11825357 0.19112087 1.1444156 1.5377552 0.148328933 3.956985032
[10,] 0.49348942 1.24436850 0.3407868 0.9144099 2.207523620 0.547143236
[11,] 0.77758301 2.05428352 0.1988187 0.5721309 2.719122598 2.028230989
[12,] 0.58114374 0.40468648 3.4758314 0.5983802 0.071674680 1.404069682
[13,] 2.30071483 0.16611927 1.1086945 1.1678916 0.009257491 0.053567282
[14,] 1.14420218 0.04541590 0.5069770 1.5215122 0.245027193 0.298548435
[15,] 1.04982063 0.14979376 2.7928922 0.6054571 1.240686453 0.313301364
[16,] 0.30176602 5.64747953 2.6709485 4.0207541 0.985343271 1.185265342
[17,] 0.39455487 1.31593440 2.0564324 1.8791253 0.832163187 0.738778189
[18,] 0.06598446 3.63437945 1.1622059 0.3429764 0.932504204 0.638995664
[19,] 0.62791655 2.76078300 0.2250656 0.9131924 1.235942746 0.469323241
[20,] 0.28602976 0.17617484 0.6191105 0.9221672 0.209556256 1.942780010
           [,7]        [,8]       [,9]     [,10]      [,11]
 [1,] 0.5042604 1.359415636 0.33565333 0.1892806 0.03323757
 [2,] 0.6509388 0.378831359 0.06448698 0.1741380 0.82977169
 [3,] 1.9314974 0.335817949 0.01334337 1.6107900 0.13885560
 [4,] 0.8375488 0.388417272 0.43507584 2.2898789 0.83833767
 [5,] 0.3795362 0.243118230 0.01048989 1.1636857 1.79264908
 [6,] 0.3396916 0.984978799 0.90326532 1.1285549 0.56364127
 [7,] 0.9348499 0.640631517 0.02637428 0.6515317 0.98391376
 [8,] 1.7225145 0.586070560 0.52966306 0.2043789 0.65540633
 [9,] 2.0617890 0.241591183 0.06790258 0.6939421 0.80196597
[10,] 1.4735230 1.163285927 0.31752723 0.1634494 0.30876650
[11,] 1.9254880 0.005029549 0.65855355 0.3819722 1.97900061
[12,] 0.5180680 3.309564717 0.88977952 0.8613234 5.56820379
[13,] 0.4393857 0.323005004 0.15526967 1.2634329 0.94970939
[14,] 0.8795816 0.539467631 1.25540638 0.1468844 0.35543550
[15,] 0.8325982 0.288494012 0.22756676 0.1273909 1.47723250
[16,] 0.1558729 0.276556185 1.33881817 1.6900523 1.04415416
[17,] 1.0649845 0.030281304 1.18381783 0.7353659 0.57698309
[18,] 0.2937636 0.401648424 0.14520225 0.9498963 3.09932620
[19,] 0.2656016 0.088302977 0.56428378 1.5907085 0.82595791
[20,] 0.6691570 0.202586506 0.60618373 4.9517493 2.48856274
> sapply(1:count, function(x) mean(data[,x]))
 [1] 0.6316361 1.2342482 1.3560192 1.1151212 0.9375365 1.1023286
 [7] 0.8940325 0.5893547 0.4864332 1.0484203
